19869 55795 70454 69515 65560 7931 83521 6942 67812 84800 74574 18610 43590 14890 74532 55616 40409 51578 15557 59481 46829 28414 76859 16896 55054 98429 22986 32878 96890 43043 52806 15046 90566 80489 33663 91344 77298 80329 64306 26225 92532 30227 36347 18859 92763 60546 33101 55738 62321 43122 35003 83048 43310 56068 87949 45169 35167 17423 58004 3174 62708 52379 17734 93493 67678 19816 83453 24776 42524 32842 83170 5998 11324 20037 52805 50227 67480 60242 77937 44366 71545 77445 36531 12584 57178 26549 61559 89606 17009 37199 96223 16840 46882 91939 7878 47552 30014 88812 34884 73121
22 6 6 40 6 6 40 30 12 16 14 24 12 4 20 10 36 4 8 24 0 18 24 12 6 0 20 18 36 12 24 22 36 0 32 36 26 0 16 18 44 18 10 0 6 50 16 30 12 16 42 12 22 28 16 18 12 12 22 12 22 0 8 0 28 6 10 14 24 4 40 20 8 18 24 0 4 28 18 14 12 16 12 6 6 18 0 8 18 0 0 12 12 0 2 20 16 2 14 0
13475 96924 26494 28587 75599 80797 38769 76488 94889 72254 29191 36646 13756 15093 1021 40147 12180 63604 48912 19926 46218 16954 590 8729 61172 36545 18273 40424 13183 58415 78935 33916 43831 77797 90801 33452 81255 62335 13770 40514 2378 7752 26387 71479 64291 23018 69107 32040 35704 18166 68268 64611 57467 23041 23430 69314 87637 79543 23476 38040 50297 80301 84059 26624 64110 8587 72366 10393 31213 17215 9414 36169 98095 22203 35013 28315 50464 66030 23446 19789 4904 88612 72322 60194 62895 56742 88995 40062 1630 95098 65382 50061 74404 96741 68625 74601 43126 51804 32029 77481
8 20 8 12 28 14 16 6 0 16 0 10 6 10 0 22 34 6 40 8 20 20 6 12 42 10 18 4 0 6 12 12 52 0 10 30 42 20 18 12 4 12 0 0 18 4 36 22 52 20 18 4 0 0 14 4 10 12 24 8 20 22 0 30 14 16 14 8 26 22 6 26 20 36 42 10 36 8 16 16 6 34 24 40 24 10 4 24 10 8 12 16 28 10 22 12 16 14 0 10
97289 91237 92275 16644 44112 99769 77297 60923 18039 94300 68886 64219 76225 82908 57295 13698 46607 71891 14236 42151 72709 91756 28322 44557 7851 97269 95864 64984 13743 31807 17649 37105 98033 35522 76950 18585 89542 98947 20345 43988 20675 64633 29617 88779 32173 87574 64153 82188 90930 48954 20754 17645 39553 97003 74832 47916 46249 45336 45789 81462 18908 65300 90091 68218 37651 49731 24569 94427 21071 20017 90314 63468 18772 49560 29961 29605 84540 77289 88279 37563 85810 11979 77315 63481 28436 72660 28903 76976 63554 89066 31643 83112 81090 67518 72917 58650 49762 50109 45702 76576
18 0 28 16 8 20 26 0 28 16 10 6 18 10 14 12 18 12 22 18 12 4 30 14 12 24 12 28 22 18 30 20 24 6 12 4 28 0 6 4 18 0 18 18 0 24 0 6 14 20 6 30 12 0 12 6 24 8 38 6 12 16 18 6 8 12 20 0 22 10 40 6 16 38 24 12 18 12 28 6 24 10 26 14 6 12 8 28 18 12 0 16 14 12 12 26 26 10 10 18
52016 81904 84296 36222 12530 45021 76028 25227 3023 43825 86595 13497 81812 40798 76547 53150 9617 66045 61071 42511 80653 68869 6468 40119 97963 48419 13009 71203 77348 98811 72831 4555 37769 57632 56444 17342 84322 49382 88372 30355 98306 21924 25236 73108 13725 14801 31519 55497 91040 20658 5306 44258 12130 34927 89240 68937 42794 36449 61990 27206 6872 42249 47561 16796 74423 72865 22098 30324 91861 98087 23534 33781 93665 65163 7972 23596 12222 31923 78176 95482 6879 72740 31611 5521 18731 39559 67291 13856 31993 37971 61466 3611 35823 39404 97488 97607 96275 17445 20017 91714
12 18 36 12 12 40 28 10 0 52 12 12 18 14 18 12 6 6 34 24 6 16 18 12 6 24 0 18 4 28 36 12 34 36 10 10 28 22 40 20 18 18 8 30 6 16 14 14 46 22 6 6 24 20 24 20 4 18 4 14 12 18 20 24 22 10 16 18 26 20 6 18 46 20 30 6 16 50 6 4 12 24 20 0 0 12 18 18 12 20 6 6 22 12 36 0 12 6 10 22
6275 7912 804 91866 31495 94945 28581 61113 64804 82879 60869 15055 84684 41810 85989 27915 25258 64066 57064 10341 73838 73491 1703 58794 98359 98350 4792 7447 45996 18880 67557 17584 39154 90155 21753 40670 37677 79808 63050 12650 12552 76016 60438 60302 21101 35308 82994 12705 50045 39111 35975 68325 92750 90822 26285 73854 78879 3056 5052 47716 32601 74543 54866 58727 36525 24067 60277 22211 27345 43178 72472 21605 75149 47544 89314 59008 87805 41533 16150 69974 44632 89228 99043 22588 84111 58505 28482 14835 87954 32770 61167 68476 77087 79455 869 39590 10364 30107 8924 50704
6 12 12 26 22 16 12 22 18 36 0 8 18 4 58 16 8 4 14 6 24 34 10 42 22 22 4 18 32 30 12 16 18 14 6 54 28 10 28 6 6 28 16 24 0 20 16 10 14 6 8 18 16 2 26 10 10 12 8 4 16 20 18 0 4 10 18 36 24 12 12 10 0 20 14 12 8 18 42 32 10 4 12 40 32 30 16 12 16 22 16 4 12 30 14 26 12 6 6 24
25798 66256 60668 72847 966 38028 66803 87786 21486 17812 14114 62667 8094 31687 60346 81445 72427 21564 20310 62288 64656 97098 89638 43549 77561 54928 18301 62910 97767 28540 26092 75639 76337 53615 44272 25752 49407 96627 2961 19730 4195 9923 77541 36792 27612 67404 27549 89800 85219 26848 75472 12909 41710 73498 73240 84682 46386 72321 84282 21071 58638 38685 3317 65564 90148 29772 96597 89392 3547 22995 74576 4801 86929 75836 93037 37055 49325 68685 10771 59707 68812 64767 26011 21244 11355 13813 96536 55269 52763 75945 98357 75855 91459 64348 59583 75784 68015 96482 78860 77015
6 32 18 36 14 28 12 26 6 20 36 24 8 0 10 18 10 6 26 24 28 22 20 30 6 22 0 18 42 4 16 12 10 6 4 12 16 42 6 12 24 0 16 2 6 10 10 12 10 10 42 4 32 34 6 18 18 24 36 22 26 16 6 16 22 28 12 6 0 10 14 0 0 20 46 8 24 4 0 0 22 18 14 20 16 22 26 32 12 26 22 16 0 40 30 6 30 8 20 14
45129 87849 71790 5614 57762 85225 25638 45388 57005 5056 85859 67925 97920 42834 97435 54780 50388 61952 96926 49359 49898 27163 46777 39323 28047 55511 86064 19955 73018 35373 92406 61800 49938 92494 76588 93219 87518 46455 2900 8772 3020 33276 8816 89903 72638 12658 31152 64857 89903 87417 85770 79388 57715 81206 76695 69481 64584 63380 15570 30110 83314 58060 45117 42413 42557 44555 5537 61095 1989 74819 12718 37903 81098 58374 8426 63621 73143 42468 45787 51775 89943 30136 51640 26515 93884 6182 32682 21235 60769 96455 22351 46705 87257 54948 65518 32630 63271 75035 43077 83849
4 20 18 32 22 6 6 12 38 8 36 26 8 10 12 8 24 12 20 24 28 36 36 0 20 0 40 12 6 18 12 32 2 14 18 30 6 6 6 18 4 40 12 10 20 6 2 18 10 14 30 14 6 20 18 0 12 12 12 4 28 4 36 24 0 14 26 8 6 24 8 10 4 10 6 12 40 6 38 18 20 4 10 26 16 24 34 20 10 6 18 20 0 8 22 12 30 8 26 14
52612 23022 11972 71874 92947 69728 66645 56264 20113 63567 16365 40677 5168 12374 90892 51236 36481 81406 47523 81374 18738 7076 46869 57479 90985 41683 1681 18435 12191 10108 58019 9188 16280 65596 71840 20561 73102 74575 78211 27653 29960 92141 8820 8158 66901 29707 51862 90523 72601 25114 66521 76182 35368 14479 12501 84813 76236 56846 45425 46226 87065 24347 62192 22226 37797 67016 24561 87862 96490 83645 28426 98425 12277 7574 75582 53872 30238 42362 19008 17796 43225 28163 7929 37800 51733 63590 13491 95218 54406 17032 48443 37005 67015 34618 70302 51838 24988 1499 67596 63204
18 6 10 12 10 28 10 4 0 18 6 54 4 4 14 10 14 8 6 28 12 10 10 20 12 6 24 6 34 8 14 12 28 12 6 12 30 14 26 0 24 24 2 14 30 34 10 0 36 6 14 44 18 0 6 16 12 14 14 10 22 22 10 36 16 18 20 16 6 12 18 10 0 4 6 20 18 14 8 16 14 0 6 12 28 10 12 6 6 4 12 10 18 18 12 10 10 0 12 12
8032 28680 14770 46576 10178 3157 16592 4913 58021 33612 34791 61831 44277 51206 93645 49767 27359 58026 68404 79167 10195 11150 47622 58219 42933 16802 54926 39395 6213 37259 54967 43143 94935 98427 78089 42176 62933 88641 42351 12189 79284 28814 58603 32701 3119 61080 38641 29394 40818 82992 39792 24092 9488 68744 86325 88199 95745 60706 35032 26860 79477 36779 35056 73465 34802 64477 31832 60796 58759 67998 44036 1417 41389 32021 7522 21067 31090 89410 37115 11760 4597 5778 54002 3742 19534 87890 58573 54686 91575 65552 30025 90572 24824 48650 9095 60998 56054 19335 52806 6515
22 18 4 16 4 26 30 10 14 12 26 18 6 14 46 26 24 14 38 22 18 10 14 12 8 24 22 14 6 20 14 18 16 10 22 10 10 34 10 34 18 4 0 14 0 34 12 10 6 16 8 6 12 6 18 34 10 16 24 12 30 0 6 12 26 30 30 18 6 30 12 14 0 18 6 0 10 14 20 34 0 30 10 22 10 24 0 30 4 6 16 36 20 12 12 40 28 40 24 30
27981 23597 34365 79837 23654 51445 68560 22018 95631 80489 33907 31584 77450 92823 66602 33212 8556 23279 1258 68404 70823 7452 24830 43 53968 17010 83493 27582 4317 49769 69377 1715 18119 48730 40794 14878 37153 95802 402 96433 64751 97551 55556 94848 26847 98292 47244 77771 34358 11114 36616 13228 92908 35407 16913 9253 8655 89630 94083 16013 57423 30035 21 37110 4813 90960 58680 29360 30649 40627 94555 11872 15265 97871 38485 90962 34935 27711 19256 39742 6173 85626 59717 83785 11836 6207 93781 95973 41373 65991 103 62324 10212 78459 11537 99814 9426 51597 44660 32168
16 6 6 12 30 10 24 14 4 0 18 18 24 10 16 12 20 0 10 38 0 6 20 0 28 18 20 2 30 26 8 12 0 52 14 10 20 2 8 12 16 4 32 2 10 28 14 12 10 4 22 10 22 0 18 16 16 6 20 26 14 18 4 20 0 24 8 16 0 0 12 20 6 0 40 24 20 32 10 16 0 6 16 14 6 8 24 16 24 10 0 4 12 28 22 8 10 6 26 14
80421 69212 35438 70446 20680 18227 14554 88784 39482 80681 3233 74486 77711 32350 17954 67470 12704 21303 57176 25172 70084 52009 51450 62975 34286 31969 2361 35233 32457 86027 30250 53928 96540 10873 25870 4690 34950 70528 19099 57364 22457 6428 76464 34562 39882 92200 82802 46131 42324 78073 89971 88587 28629 85474 38169 44028 71263 68081 89030 61223 91091 47924 37294 69460 12525 82336 42510 97731 55500 80335 94131 55959 7984 1922 32409 78074 83404 57541 13848 48593 62230 73456 27690 10358 71835 45121 42598 10706 82097 11105 97898 24693 5565 81118 89746 78748 30505 72528 93838 43807
22 18 10 12 18 6 6 18 38 0 22 18 0 12 18 24 10 30 6 12 20 0 12 10 14 10 14 24 24 0 12 12 26 16 6 12 12 22 34 18 16 22 8 34 6 14 12 30 8 20 14 42 4 18 10 2 0 16 20 0 16 16 30 6 10 32 24 42 14 12 30 18 30 18 10 20 6 28 18 0 14 6 2 12 16 0 22 18 56 20 36 6 6 18 64 42 12 30 24 52
62011 32826 25570 76231 59321 18848 31098 19601 57488 46733 77415 2041 14686 22346 8236 28267 44225 44762 99081 93030 14119 76355 8556 73708 79362 56740 4698 20185 91163 64470 83654 47299 46744 63963 68078 17855 5557 13922 36018 98950 13654 53192 12025 38129 32308 37031 32273 21513 55483 65793 60940 97978 32603 28093 51075 58147 41437 70872 41289 62581 47502 45164 68373 94776 63414 37120 63616 22340 92728 63145 90628 50147 32306 25080 36470 95843 80326 68787 71345 98110 8668 5206 53021 92255 6378 1060 67579 41433 56255 78296 2932 33344 13057 40196 20369 11953 55890 34618 65710 41647
0 28 16 0 52 20 30 6 6 20 34 14 16 6 4 48 28 18 4 46 36 24 20 10 10 10 12 18 0 30 10 6 20 28 16 12 0 10 20 6 20 8 26 30 6 18 36 14 18 20 6 14 0 10 38 0 30 10 18 0 6 18 18 6 10 6 6 36 14 18 12 0 6 14 4 38 12 14 6 22 6 12 30 18 6 10 0 30 14 18 12 4 14 20 0 0 8 18 6 0
20150 49512 71397 23354 77996 44823 22809 14138 27757 50380 81756 83425 40602 81158 62438 11007 95904 9741 33883 95977 45343 83539 32963 63256 51409 48145 77943 12328 76560 99212 89844 74069 83549 92615 16068 73466 64384 8042 41319 53162 60261 82371 38200 36736 50579 18317 90305 96054 85297 54246 956 8877 86824 27797 86002 98843 58341 36220 62246 11439 82759 48918 44182 25997 88923 38175 63793 33928 8109 45476 65434 33686 91230 99219 51937 72012 98877 85254 53655 16329 18099 96145 65553 11055 34117 86164 11924 61505 79099 74420 55658 44796 48448 66692 87342 21699 14460 75031 45955 69795
12 24 10 18 16 20 4 36 12 6 12 8 12 6 36 24 20 4 18 16 0 20 12 30 6 26 18 6 18 32 10 20 20 30 2 12 18 14 34 10 12 12 4 18 30 16 24 6 0 34 14 20 24 6 12 12 26 12 40 6 0 40 10 0 18 10 0 8 10 42 14 24 8 32 12 20 14 12 4 14 22 12 6 10 62 10 4 14 16 22 22 8 12 14 22 18 12 8 6 30
10123 78927 53513 10529 16763 68132 26910 52265 8042 69216 53737 35642 95604 85308 15379 88845 22741 91727 64228 64334 8533 92599 7796 24698 17652 65382 68468 99236 10870 89194 77012 91495 767 32994 24316 10667 61886 72619 82253 95966 6973 31070 90455 70599 71298 52267 73669 77935 88839 58241 41442 59435 98493 58213 30818 26585 74047 38423 68947 69142 53378 12064 32798 10875 64976 16779 45114 91480 117 26028 30352 24889 6417 31982 15117 76650 25595 39106 59242 66564 28314 49869 38753 18021 48433 95108 22777 60725 76004 13725 4848 65735 73455 8045 7337 80734 58814 89258 65363 74
22 10 20 0 0 28 18 8 14 18 28 54 14 10 6 10 0 22 8 40 10 30 24 12 30 12 24 8 16 14 14 6 8 6 36 0 30 6 20 12 6 10 30 18 24 0 22 18 24 6 30 22 16 6 12 18 0 38 0 16 4 22 4 16 28 24 36 30 14 8 20 0 24 10 14 2 12 4 4 16 10 18 18 28 24 4 0 8 28 6 30 30 6 14 16 24 42 24 14 6
41569 62948 19833 42997 8639 32624 22847 35756 71276 96159 92640 23016 49656 77171 88983 67172 36210 82232 16953 25334 54553 89347 49309 6791 68234 17285 38505 60782 8871 661 48073 53836 16621 3262 25678 17922 74565 60913 54421 45971 7383 10532 92378 34736 42618 62224 34400 73597 40592 80803 23535 18164 72569 99278 18808 80929 98104 5468 50972 44121 45725 56979 35670 74894 40897 6460 72161 48713 63576 75047 15014 30184 8071 33406 19038 18099 94098 35758 56282 4889 42756 29400 69539 14834 95849 57543 30619 20546 14833 99892 26775 73585 28976 45882 38223 17612 37200 89100 79440 99803
30 30 22 14 12 12 36 6 24 10 2 6 24 0 24 12 8 6 20 18 12 34 24 0 12 34 42 14 20 0 0 18 12 12 6 2 6 0 0 0 24 28 4 10 30 14 22 0 6 0 6 20 18 12 36 0 22 22 18 4 30 20 54 6 0 18 0 52 18 38 4 6 12 6 14 22 20 6 30 0 16 2 0 12 38 28 38 6 12 20 18 6 18 18 12 14 2 14 18 16
50415 88938 54593 54665 89359 5994 7183 91618 28556 12760 94274 25558 38428 52385 81767 33901 46666 34708 72617 69463 82444 98322 89708 28344 10399 10096 37701 23827 53578 15250 56763 60306 6786 94961 93761 71454 84695 71897 57620 61439 11214 56682 11932 37281 98003 80791 44048 52321 43865 12188 12314 54468 22615 81052 36210 13413 61478 89625 28664 42128 66008 80996 7633 89936 33809 56547 69473 97285 15085 3810 1519 19691 96920 64079 10047 44289 68235 67820 57926 53349 31031 46517 30178 56492 63909 44153 83624 43239 10604 49139 55051 50719 74782 10724 24008 85984 4514 8846 22632 64106
6 14 18 20 34 20 10 30 10 6 18 20 38 8 8 18 16 18 0 0 36 2 64 30 0 6 18 0 22 18 20 24 10 0 0 18 6 12 36 24 26 6 6 30 22 14 12 0 14 34 22 20 6 22 8 6 12 16 6 30 36 12 18 16 0 26 0 18 8 18 12 10 20 14 22 12 12 10 20 26 14 12 12 12 6 28 18 24 6 0 0 16 18 6 12 58 4 10 16 18
15866 98905 38877 82502 34356 20972 98644 92048 63404 13046 83347 70634 30884 66612 72369 58510 50948 14022 39274 12604 73196 307 68313 41585 75191 97132 48650 95573 37659 73900 29424 65579 73064 92561 38399 31061 63067 43994 62359 91146 63103 2967 97771 15747 63226 11958 75101 52112 58947 10318 45170 51803 38549 81267 83065 33303 9101 2736 78980 49657 84264 14012 7868 75491 30206 94125 77410 46352 8846 63024 7418 47251 87672 63573 23137 81899 93428 34986 29378 86767 17455 98561 55906 28041 42450 67303 84302 62193 82788 98193 14170 59222 24677 47419 13266 11070 31847 93954 3314 45028
18 10 18 8 10 18 22 10 12 6 16 12 12 16 12 30 22 18 42 10 48 0 18 14 12 24 12 12 6 10 6 0 16 10 38 12 0 6 32 10 0 6 0 10 30 6 26 18 20 8 18 0 14 42 8 10 12 10 10 24 36 18 6 24 8 30 34 30 10 40 16 0 8 18 12 0 36 42 20 0 18 0 18 20 8 18 8 10 6 28 14 12 0 0 8 2 0 18 6 40
81546 47269 54187 73922 33778 79181 95837 47622 12541 45014 83736 36583 35295 36557 17990 15576 26781 82106 25854 86907 98010 98266 36442 83236 45114 295 88683 58798 80357 17532 5288 10571 77053 97208 30148 6841 15362 25017 60065 73470 54550 57457 93802 14332 3087 24109 57257 57367 45223 10164 39553 97700 32027 85961 68239 58805 17398 70988 24465 28184 50782 46403 97095 298 6219 90494 72156 83611 38987 28849 86514 12517 49045 39619 29976 26258 57469 70187 53623 12488 18209 52133 60953 74023 53298 53665 59932 69998 80313 54113 76309 90431 12531 73556 99330 10708 29651 89956 28673 57206
14 0 12 32 18 0 38 14 0 40 18 0 20 8 24 12 6 56 18 54 2 12 18 10 36 14 40 42 16 20 16 22 22 26 22 0 12 18 36 12 12 0 22 14 6 0 8 0 36 6 12 24 0 58 0 42 8 10 26 18 12 12 22 14 4 18 22 8 16 16 22 0 14 0 24 10 20 16 0 4 12 20 0 6 18 24 22 4 8 20 30 30 12 8 30 18 22 20 18 18
52823 77606 56666 47198 4333 16542 54801 79591 82115 80150 90056 6882 7017 81015 90930 62560 22051 15759 48837 73 9799 63734 37732 33591 33227 20667 79011 86942 95748 4783 15589 39322 64725 5282 89700 61734 60829 70004 60987 5105 55812 11468 90867 58335 30278 95936 39470 90579 75189 53956 5714 90501 56283 29805 92973 1626 91335 39000 84043 88325 12973 53825 60229 4325 60102 67277 93944 46499 56578 32351 67962 17466 83052 7669 24012 62417 10946 79859 36133 72044 65968 729 40391 60011 33417 21410 77140 86857 80685 71012 30127 90399 87056 80375 30275 68593 43109 71230 67752 75627
20 20 8 18 10 18 30 12 56 4 6 12 6 4 14 14 0 12 24 0 12 10 30 10 24 18 42 12 26 0 18 6 30 16 64 22 38 6 40 6 6 4 24 16 22 18 38 36 12 8 6 12 30 16 28 6 36 26 30 6 0 12 28 30 2 16 8 0 22 12 6 18 12 0 12 0 10 14 6 4 18 6 36 14 14 12 4 0 4 12 14 4 22 18 22 16 14 24 6 10
59901 35630 60705 99967 3666 82910 30103 69126 22177 43593 5744 16427 16321 95883 80806 15579 58623 88718 93299 87504 7237 77617 71033 33369 71533 60127 83277 93547 22619 6700 38463 68182 476 91696 28850 22944 40276 17326 16492 24065 26423 77614 71004 98478 3965 29223 81882 91338 79886 72483 76350 82883 68980 14379 33577 79893 15201 60807 45044 31363 36594 25669 13185 36697 81955 14175 43306 74126 80905 62292 1973 65791 26153 7622 75398 31951 11999 75228 16527 22218 33830 42348 94398 17149 90340 81490 53536 88334 28299 3204 78424 40887 29284 69435 20067 61000 38058 72562 21091 78021
34 54 16 10 12 10 0 8 18 6 6 0 14 10 6 12 18 40 20 18 0 0 16 18 10 0 26 24 0 10 40 36 12 12 16 18 24 6 6 10 0 6 12 6 20 10 14 36 16 12 24 0 30 18 0 12 18 18 40 22 12 6 4 0 14 4 22 30 12 24 0 20 0 18 10 50 20 12 10 36 22 12 2 22 40 46 22 10 10 6 26 14 18 8 8 40 16 18 12 14
10 11 27 2 492170
4 0 6 0 114