5424665.059358 -3860896.633808 -1493881.038850 -2761619.922483 5444807.275613 -8099917.600024 -3549607.837153 9634388.256478 3827936.643574 7265541.550951 7128818.628498 2314828.943754 6520889.919736 -7664723.654897 6421399.578845
5:12641987.365
-904873.805963 -2286141.544847 -2367931.150243 3473921.933653 398876.918851 2551042.207099 -1522568.437757 -9934690.389721 7657399.212622 -3563646.351512 -434888.760033 9389629.810480 9462874.233222 9072237.311930 -4645832.697531
6:11977294.229
-2624286.629841 -9894405.957213 1344950.712607 -8092593.157750 -325632.496109 -8877529.221473 3187658.314768 5800042.725913 -2569963.682974 6471449.934385 -9451887.569811 5721915.341655 4971160.008545 1969359.416486 9580065.309610
15:9580065.310
-7595141.453291 -7467574.083682 -389721.366008 6183355.204932 2491836.298715 -2846461.378826 -2606585.894345 9028290.658284 -8026673.177282 -5148167.363506 5281228.064821 4175847.651601 4828333.384198 -2778710.287790 7916806.543168
8:9028290.658
9423810.541093 2472914.822840 5563219.092380 -5276345.103305 6509903.256325 -331125.827815 5685903.500473 8016296.884060 -715659.047212 2488174.077578 -3511154.515213 9736930.448317 -4007995.849483 -6016113.773003 -4535355.693228
1:15270851.772
-2543717.764824 3773003.326518 3175450.910978 -5761589.403974 -9744254.890591 -6481826.227607 2979522.080142 7271034.882656 -4885097.811823 3207800.531022 -7285683.767205 6851100.192267 -5566881.313517 -2162236.396374 -9202246.162297
8:7271034.883
7502975.554674 5311746.574297 -5914792.321543 -6736960.966826 -7068391.979736 -8787194.433424 7819147.312845 3724173.711356 8635822.626423 -3365276.039918 -7412030.396435 -9592272.713401 -6701559.495834 5411847.285379 7215491.195410
7:14132816.553
-4114200.262459 -7888119.144261 -6726584.673605 608233.893857 -4880825.220496 5118259.224219 -4705038.605914 -8067567.979980 7459028.901028 -6267586.291086 -1158787.804804 -5745109.408856 -1794793.542283 -1453596.606342 2657246.620075
9:7459028.901
-208441.419721 -4629352.702414 -8453321.939756 -7293618.579669 -5122531.815546 -2739036.225471 -4127018.036439 -4601886.043886 2796411.023286 -3500167.851802 -3757744.071780 -1180150.761437 2576677.755058 -3873714.407788 -6841944.639424
9:2796411.023
2602313.303018 1897946.104312 3384197.515793 4037903.988769 7043366.801965 -7780693.990905 -3163853.877377 4375438.703574 2114627.521592 4261299.478133 -7580492.568743 -7929013.946959 6976836.451308 -8040101.321451 4074526.200140
2:8231299.783
8050477.614673 622882.778405 3030182.805872 4565874.202704 -3707693.716239 -5713370.159001 4248481.704154 2127445.295572 -3596606.341746 6230964.079714 -408032.471694 -1451155.125584 -8148136.844996 9537339.396344 9351786.858730
7:13693044.832
4335764.641255 6990264.595477 -6459852.900784 8346507.156590 -3437299.722282 -4006164.738914 9512314.218574 -8633381.145665 -4951017.792291 -3160802.026429 1228370.006409 3967101.046785 2475966.673788 -6556291.390728 -8951994.384594
2:5565660.573
6736960.966826 4078188.421278 -903042.695395 2123172.704245 -8829309.976501 -7470015.564440 4302804.651021 7362590.411084 -4732505.264443 -6351817.377239 2164677.877132 5784783.471175 -3019806.512650 -1452986.236152 -5566881.313517
8:7362590.411
-3122959.074679 -6359141.819514 -2146366.771447 -8658406.323435 -6417737.357707 5490585.039827 3629566.331980 8355662.709433 4552446.058535 -8568071.535386 -5393536.179693 -7036042.359691 6273079.622791 -4863124.485000 -9633777.886288
8:8355662.709
4633014.923551 -4289986.877041 9627063.814203 -9904782.250435 1047090.060121 4077578.051088 -1542710.654012 1532944.730979 -6234015.930662 2366710.409864 1631824.701682 -4264351.329081 6423230.689413 -739463.484603 4360179.448836
3:12339396.344
-6704000.976592 -1418195.135350 2055421.613208 -3202917.569506 -2378307.443464 8386791.589099 1210058.900723 2886745.811335 917691.579943 -2875759.147923 9160740.989410 6426282.540361 -1517685.476241 8829309.976501 -5988647.114475
6:10841090.121
-7517014.069033 -3044221.320231 8046205.023347 -1259498.886074 -7706228.827784 -7867976.928007 8886074.404126 6530045.472579 9758903.775140 1970580.156865 -1503646.961882 2859279.152806 -2336802.270577 -9575182.348094 8071230.201117
9:9758903.775
-5016327.402570 1755729.850154 7723929.563280 -5483260.597552 -586870.937223 798059.022797 2709128.086184 5922116.763817 -1970580.156865 715659.047212 -7115390.484329 -6074098.941008 -6541032.135990 -9019135.105441 7775811.029389
15:7775811.029
6138187.810907 4332102.420118 1341898.861660 -8766441.846980 1714224.677267 -8957487.716300 7028717.917417 -1682485.427412 3223670.155950 -7351603.747673 566118.350780 -7637256.996368 7932676.168096 5525986.510819 -1693472.090823
7:8944975.127
-2121951.963866 -8376415.295877 4404736.472671 -182805.871761 -5120090.334788 8083437.604907 -3583788.567766 8245796.075320 -9694204.535051 -2629169.591357 8771935.178686 9782708.212531 -7886288.033692 6011841.181677 695516.830958
12:9782708.213
10 20 30 40 50 60 70 80 90 100 110 120 130 140 150
3:230.000